0 -1 
0 -2 
0 -3 
-1 0 
-1 -2 
-1 -3 
-2 0 
-2 -1 
-2 -3 
-3 0 
-3 -1 
-3 -2 
-6 -7 
-6 -8 
-6 -9 
-7 -6 
-7 -8 
-7 -9 
-8 -6 
-8 -7 
-8 -9 
-9 -6 
-9 -7 
-9 -8 
-12 -13 
-12 -14 
-12 -15 
-13 -12 
-13 -14 
-13 -15 
-14 -12 
-14 -13 
-14 -15 
-15 -12 
-15 -13 
-15 -14 
-18 -19 
-18 -20 
-18 -21 
-19 -18 
-19 -20 
-19 -21 
-20 -18 
-20 -19 
-20 -21 
-21 -18 
-21 -19 
-21 -20 
-24 -25 
-24 -26 
-24 -27 
-25 -24 
-25 -26 
-25 -27 
-26 -24 
-26 -25 
-26 -27 
-27 -24 
-27 -25 
-27 -26 
-5 -4 
-11 -10 
-17 -16 
-23 -22 
-29 -28 
0 7 
-1 8 
-2 9 
-3 9 
-6 13 
-7 14 
-8 15 
-9 15 
-12 19 
-13 20 
-14 21 
-15 21 
-18 25 
-19 26 
-20 27 
-21 27 
-2 5 
-8 11 
-14 17 
-20 23 
-26 29 
-4 -6 11 
-10 -12 17 
-16 -18 23 
-22 -24 29 
-2 -5 
-8 -11 
-14 -17 
-20 -23 
-26 -29 
-4 -6 10 
-10 -12 16 
-16 -18 22 
-22 -24 28 
4 -10 
10 -16 
16 -22 
22 -28 
4 5 -11 
10 11 -17 
16 17 -23 
22 23 -29 
-5 -6 -11 
-11 -12 -17 
-17 -18 -23 
-23 -24 -29 
1 
4 
27 
