-1 -2
-1 -3
-1 -4
-2 -1
-2 -3
-2 -4
-3 -1
-3 -2
-3 -4
-4 -1
-4 -2
-4 -3
-7 -8
-7 -9
-7 -10
-8 -7
-8 -9
-8 -10
-9 -7
-9 -8
-9 -10
-10 -7
-10 -8
-10 -9
-13 -14
-13 -15
-13 -16
-14 -13
-14 -15
-14 -16
-15 -13
-15 -14
-15 -16
-16 -13
-16 -14
-16 -15
-19 -20
-19 -21
-19 -22
-20 -19
-20 -21
-20 -22
-21 -19
-21 -20
-21 -22
-22 -19
-22 -20
-22 -21
-25 -26
-25 -27
-25 -28
-26 -25
-26 -27
-26 -28
-27 -25
-27 -26
-27 -28
-28 -25
-28 -26
-28 -27
-6 -5
-12 -11
-18 -17
-24 -23
-30 -29
-1 8
-2 7 9
-3 10
-4 10
-7 14
-8 13 15
-9 16
-10 16
-13 20
-14 19 21
-15 22
-16 22
-19 26
-20 25 27
-21 28
-22 28
-9 6
-15 12
-21 18
-27 24
-5 -7 12
-11 -13 18
-17 -19 24
-23 -25 30
-3 -6
-9 -12
-15 -18
-21 -24
-27 -30
-5 -8 11
-5 -9 11
-5 -10 11
-11 -14 17
-11 -15 17
-11 -16 17
-17 -20 23
-17 -21 23
-17 -22 23
-23 -26 29
-23 -27 29
-23 -28 29
5 -11
11 -17
17 -23
23 -29
5 6 -12
11 12 -18
17 18 -24
23 24 -30
2
5
28
0 
